name: SE4Sci
channels:
  - conda-forge
  - defaults
dependencies:
  - brotli-python=1.0.9=py38hd3f51b4_9
  - bzip2=1.0.8=h8ffe710_4
  - ca-certificates=2023.7.22=h56e8100_0
  - click=8.1.3=win_pyhd8ed1ab_2
  - colorama=0.4.6=pyhd8ed1ab_0
  - configparser=5.3.0=pyhd8ed1ab_0
  - idna=3.4=pyhd8ed1ab_0
  - intel-openmp=2023.1.0=h57928b3_46319
  - joblib=1.3.2=pyhd8ed1ab_0
  - krb5=1.20.1=heb0366b_0
  - libblas=3.9.0=16_win64_mkl
  - libcblas=3.9.0=16_win64_mkl
  - libffi=3.4.2=h8ffe710_5
  - libhwloc=2.9.1=h51c2c0f_0
  - libiconv=1.17=h8ffe710_0
  - liblapack=3.9.0=16_win64_mkl
  - libpq=15.3=ha9684e8_1
  - libsqlite=3.40.0=hcfcfb64_1
  - libxml2=2.10.4=hc3477c8_0
  - libzlib=1.2.13=hcfcfb64_4
  - m2w64-gcc-libgfortran=5.3.0=6
  - m2w64-gcc-libs=5.3.0=7
  - m2w64-gcc-libs-core=5.3.0=7
  - m2w64-gmp=6.1.0=2
  - m2w64-libwinpthread-git=5.0.0.4634.697f757=2
  - mkl=2022.1.0=h6a75c08_874
  - msys2-conda-epoch=20160418=1
  - numpy=1.24.3=py38h1d91fd2_0
  - openssl=3.1.2=hcfcfb64_0
  - packaging=23.1=pyhd8ed1ab_0
  - pandas=2.0.1=py38hf08cf0d_0
  - pip=23.1.1=pyhd8ed1ab_0
  - pooch=1.7.0=pyha770c72_3
  - psycopg2=2.9.3=py38hf4f1dbe_2
  - pthreads-win32=2.9.1=hfa6e2cd_3
  - pysocks=1.7.1=pyh0701188_6
  - python=3.8.16=h4de0772_1_cpython
  - python-dateutil=2.8.2=pyhd8ed1ab_0
  - python-dotenv=1.0.0=pyhd8ed1ab_0
  - python-tzdata=2023.3=pyhd8ed1ab_0
  - python_abi=3.8=3_cp38
  - pytz=2023.3=pyhd8ed1ab_0
  - scikit-learn=1.3.0=py38h763eb3e_0
  - scipy=1.10.1=py38h1aea9ed_3
  - setuptools=67.7.1=pyhd8ed1ab_0
  - six=1.16.0=pyh6c4a22f_0
  - tbb=2021.9.0=h91493d7_0
  - threadpoolctl=3.2.0=pyha21a80b_0
  - tk=8.6.12=h8ffe710_0
  - typing_extensions=4.7.1=pyha770c72_0
  - ucrt=10.0.22621.0=h57928b3_0
  - vc=14.3=hb6edc58_10
  - vc14_runtime=14.34.31931=h5081d32_13
  - vs2015_runtime=14.34.31931=h4c5c07a_10
  - wheel=0.40.0=pyhd8ed1ab_0
  - win_inet_pton=1.1.0=pyhd8ed1ab_6
  - xz=5.2.6=h8d14728_0
  - pip:
    - astroid==2.15.4
    - asttokens==2.2.1
    - autopep8==2.0.2
    - backcall==0.2.0
    - certifi==2022.12.7
    - charset-normalizer==3.1.0
    - contourpy==1.1.0
    - cycler==0.11.0
    - decorator==5.1.1
    - dill==0.3.6
    - executing==1.2.0
    - filelock==3.12.2
    - flask==2.2.3
    - fonttools==4.40.0
    - ibm-cloud-sdk-core==3.16.5
    - ibm-watson==7.0.0
    - importlib-metadata==6.6.0
    - importlib-resources==5.12.0
    - ipython==8.12.2
    - isort==5.12.0
    - itsdangerous==2.1.2
    - jedi==0.19.0
    - jinja2==3.1.2
    - kiwisolver==1.4.4
    - lazy-object-proxy==1.9.0
    - markupsafe==2.1.2
    - matplotlib==3.7.1
    - matplotlib-inline==0.1.6
    - mccabe==0.7.0
    - mpmath==1.3.0
    - nbqa==1.7.0
    - networkx==3.1
    - parso==0.8.3
    - pickleshare==0.7.5
    - pillow==9.5.0
    - platformdirs==3.2.0
    - prompt-toolkit==3.0.39
    - pure-eval==0.2.2
    - pycodestyle==2.11.0
    - pycodestyle-magic==0.5
    - pygments==2.16.1
    - pyjwt==2.6.0
    - pylint==2.17.2
    - pyparsing==3.1.0
    - requests==2.28.2
    - stack-data==0.6.2
    - sympy==1.12
    - tokenize-rt==5.2.0
    - tomli==2.0.1
    - tomlkit==0.11.7
    - torch==2.0.1
    - torchsummary==1.5.1
    - torchvision==0.15.2
    - traitlets==5.9.0
    - typing-extensions==4.5.0
    - urllib3==1.26.15
    - wcwidth==0.2.6
    - websocket-client==1.1.0
    - werkzeug==2.2.3
    - wrapt==1.15.0
    - zipp==3.15.0
prefix: C:\Anaconda3-64\envs\SE4Sci
